24.396308,-125.001651
24.396308,-124.201651
24.396308,-123.401651
24.396308,-122.601651
24.396308,-121.801651
24.396308,-121.00165100000001
24.396308,-120.20165100000001
24.396308,-119.40165100000002
24.396308,-118.60165100000002
24.396308,-117.80165100000002
24.396308,-117.00165100000002
24.396308,-116.20165100000003
24.396308,-115.40165100000003
24.396308,-114.60165100000003
24.396308,-113.80165100000004
24.396308,-113.00165100000004
24.396308,-112.20165100000004
24.396308,-111.40165100000004
24.396308,-110.60165100000005
24.396308,-109.80165100000005
24.396308,-109.00165100000005
24.396308,-108.20165100000006
24.396308,-107.40165100000006
24.396308,-106.60165100000006
24.396308,-105.80165100000006
24.396308,-105.00165100000007
24.396308,-104.20165100000007
24.396308,-103.40165100000007
24.396308,-102.60165100000007
24.396308,-101.80165100000008
24.396308,-101.00165100000008
24.396308,-100.20165100000008
24.396308,-99.40165100000009
24.396308,-98.60165100000009
24.396308,-97.80165100000009
24.396308,-97.0016510000001
24.396308,-96.2016510000001
24.396308,-95.4016510000001
24.396308,-94.6016510000001
24.396308,-93.8016510000001
24.396308,-93.00165100000011
24.396308,-92.20165100000011
24.396308,-91.40165100000011
24.396308,-90.60165100000012
24.396308,-89.80165100000012
24.396308,-89.00165100000012
24.396308,-88.20165100000013
24.396308,-87.40165100000013
24.396308,-86.60165100000013
24.396308,-85.80165100000013
24.396308,-85.00165100000014
24.396308,-84.20165100000014
24.396308,-83.40165100000014
24.396308,-82.60165100000015
24.396308,-81.80165100000015
24.396308,-81.00165100000015
24.396308,-80.20165100000015
24.396308,-79.40165100000016
24.396308,-78.60165100000016
24.396308,-77.80165100000016
24.396308,-77.00165100000017
24.396308,-76.20165100000017
24.396308,-75.40165100000017
24.396308,-74.60165100000017
24.396308,-73.80165100000018
24.396308,-73.00165100000018
24.396308,-72.20165100000018
24.396308,-71.40165100000019
24.396308,-70.60165100000019
24.396308,-69.80165100000019
24.396308,-69.0016510000002
24.396308,-68.2016510000002
24.396308,-67.4016510000002
25.196308000000002,-125.001651
25.196308000000002,-124.201651
25.196308000000002,-123.401651
25.196308000000002,-122.601651
25.196308000000002,-121.801651
25.196308000000002,-121.00165100000001
25.196308000000002,-120.20165100000001
25.196308000000002,-119.40165100000002
25.196308000000002,-118.60165100000002
25.196308000000002,-117.80165100000002
25.196308000000002,-117.00165100000002
25.196308000000002,-116.20165100000003
25.196308000000002,-115.40165100000003
25.196308000000002,-114.60165100000003
25.196308000000002,-113.80165100000004
25.196308000000002,-113.00165100000004
25.196308000000002,-112.20165100000004
25.196308000000002,-111.40165100000004
25.196308000000002,-110.60165100000005
25.196308000000002,-109.80165100000005
25.196308000000002,-109.00165100000005
25.196308000000002,-108.20165100000006
25.196308000000002,-107.40165100000006
25.196308000000002,-106.60165100000006
25.196308000000002,-105.80165100000006
25.196308000000002,-105.00165100000007
25.196308000000002,-104.20165100000007
25.196308000000002,-103.40165100000007
25.196308000000002,-102.60165100000007
25.196308000000002,-101.80165100000008
25.196308000000002,-101.00165100000008
25.196308000000002,-100.20165100000008
25.196308000000002,-99.40165100000009
25.196308000000002,-98.60165100000009
25.196308000000002,-97.80165100000009
25.196308000000002,-97.0016510000001
25.196308000000002,-96.2016510000001
25.196308000000002,-95.4016510000001
25.196308000000002,-94.6016510000001
25.196308000000002,-93.8016510000001
25.196308000000002,-93.00165100000011
25.196308000000002,-92.20165100000011
25.196308000000002,-91.40165100000011
25.196308000000002,-90.60165100000012
25.196308000000002,-89.80165100000012
25.196308000000002,-89.00165100000012
25.196308000000002,-88.20165100000013
25.196308000000002,-87.40165100000013
25.196308000000002,-86.60165100000013
25.196308000000002,-85.80165100000013
25.196308000000002,-85.00165100000014
25.196308000000002,-84.20165100000014
25.196308000000002,-83.40165100000014
25.196308000000002,-82.60165100000015
25.196308000000002,-81.80165100000015
25.196308000000002,-81.00165100000015
25.196308000000002,-80.20165100000015
25.196308000000002,-79.40165100000016
25.196308000000002,-78.60165100000016
25.196308000000002,-77.80165100000016
25.196308000000002,-77.00165100000017
25.196308000000002,-76.20165100000017
25.196308000000002,-75.40165100000017
25.196308000000002,-74.60165100000017
25.196308000000002,-73.80165100000018
25.196308000000002,-73.00165100000018
25.196308000000002,-72.20165100000018
25.196308000000002,-71.40165100000019
25.196308000000002,-70.60165100000019
25.196308000000002,-69.80165100000019
25.196308000000002,-69.0016510000002
25.196308000000002,-68.2016510000002
25.196308000000002,-67.4016510000002
25.996308000000003,-125.001651
25.996308000000003,-124.201651
25.996308000000003,-123.401651
25.996308000000003,-122.601651
25.996308000000003,-121.801651
25.996308000000003,-121.00165100000001
25.996308000000003,-120.20165100000001
25.996308000000003,-119.40165100000002
25.996308000000003,-118.60165100000002
25.996308000000003,-117.80165100000002
25.996308000000003,-117.00165100000002
25.996308000000003,-116.20165100000003
25.996308000000003,-115.40165100000003
25.996308000000003,-114.60165100000003
25.996308000000003,-113.80165100000004
25.996308000000003,-113.00165100000004
25.996308000000003,-112.20165100000004
25.996308000000003,-111.40165100000004
25.996308000000003,-110.60165100000005
25.996308000000003,-109.80165100000005
25.996308000000003,-109.00165100000005
25.996308000000003,-108.20165100000006
25.996308000000003,-107.40165100000006
25.996308000000003,-106.60165100000006
25.996308000000003,-105.80165100000006
25.996308000000003,-105.00165100000007
25.996308000000003,-104.20165100000007
25.996308000000003,-103.40165100000007
25.996308000000003,-102.60165100000007
25.996308000000003,-101.80165100000008
25.996308000000003,-101.00165100000008
25.996308000000003,-100.20165100000008
25.996308000000003,-99.40165100000009
25.996308000000003,-98.60165100000009
25.996308000000003,-97.80165100000009
25.996308000000003,-97.0016510000001
25.996308000000003,-96.2016510000001
25.996308000000003,-95.4016510000001
25.996308000000003,-94.6016510000001
25.996308000000003,-93.8016510000001
25.996308000000003,-93.00165100000011
25.996308000000003,-92.20165100000011
25.996308000000003,-91.40165100000011
25.996308000000003,-90.60165100000012
25.996308000000003,-89.80165100000012
25.996308000000003,-89.00165100000012
25.996308000000003,-88.20165100000013
25.996308000000003,-87.40165100000013
25.996308000000003,-86.60165100000013
25.996308000000003,-85.80165100000013
25.996308000000003,-85.00165100000014
25.996308000000003,-84.20165100000014
25.996308000000003,-83.40165100000014
25.996308000000003,-82.60165100000015
25.996308000000003,-81.80165100000015
25.996308000000003,-81.00165100000015
25.996308000000003,-80.20165100000015
25.996308000000003,-79.40165100000016
25.996308000000003,-78.60165100000016
25.996308000000003,-77.80165100000016
25.996308000000003,-77.00165100000017
25.996308000000003,-76.20165100000017
25.996308000000003,-75.40165100000017
25.996308000000003,-74.60165100000017
25.996308000000003,-73.80165100000018
25.996308000000003,-73.00165100000018
25.996308000000003,-72.20165100000018
25.996308000000003,-71.40165100000019
25.996308000000003,-70.60165100000019
25.996308000000003,-69.80165100000019
25.996308000000003,-69.0016510000002
25.996308000000003,-68.2016510000002
25.996308000000003,-67.4016510000002
26.796308000000003,-125.001651
26.796308000000003,-124.201651
26.796308000000003,-123.401651
26.796308000000003,-122.601651
26.796308000000003,-121.801651
26.796308000000003,-121.00165100000001
26.796308000000003,-120.20165100000001
26.796308000000003,-119.40165100000002
26.796308000000003,-118.60165100000002
26.796308000000003,-117.80165100000002
26.796308000000003,-117.00165100000002
26.796308000000003,-116.20165100000003
26.796308000000003,-115.40165100000003
26.796308000000003,-114.60165100000003
26.796308000000003,-113.80165100000004
26.796308000000003,-113.00165100000004
26.796308000000003,-112.20165100000004
26.796308000000003,-111.40165100000004
26.796308000000003,-110.60165100000005
26.796308000000003,-109.80165100000005
26.796308000000003,-109.00165100000005
26.796308000000003,-108.20165100000006
26.796308000000003,-107.40165100000006
26.796308000000003,-106.60165100000006
26.796308000000003,-105.80165100000006
26.796308000000003,-105.00165100000007
26.796308000000003,-104.20165100000007
26.796308000000003,-103.40165100000007
26.796308000000003,-102.60165100000007
26.796308000000003,-101.80165100000008
26.796308000000003,-101.00165100000008
26.796308000000003,-100.20165100000008
26.796308000000003,-99.40165100000009
26.796308000000003,-98.60165100000009
26.796308000000003,-97.80165100000009
26.796308000000003,-97.0016510000001
26.796308000000003,-96.2016510000001
26.796308000000003,-95.4016510000001
26.796308000000003,-94.6016510000001
26.796308000000003,-93.8016510000001
26.796308000000003,-93.00165100000011
26.796308000000003,-92.20165100000011
26.796308000000003,-91.40165100000011
26.796308000000003,-90.60165100000012
26.796308000000003,-89.80165100000012
26.796308000000003,-89.00165100000012
26.796308000000003,-88.20165100000013
26.796308000000003,-87.40165100000013
26.796308000000003,-86.60165100000013
26.796308000000003,-85.80165100000013
26.796308000000003,-85.00165100000014
26.796308000000003,-84.20165100000014
26.796308000000003,-83.40165100000014
26.796308000000003,-82.60165100000015
26.796308000000003,-81.80165100000015
26.796308000000003,-81.00165100000015
26.796308000000003,-80.20165100000015
26.796308000000003,-79.40165100000016
26.796308000000003,-78.60165100000016
26.796308000000003,-77.80165100000016
26.796308000000003,-77.00165100000017
26.796308000000003,-76.20165100000017
26.796308000000003,-75.40165100000017
26.796308000000003,-74.60165100000017
26.796308000000003,-73.80165100000018
26.796308000000003,-73.00165100000018
26.796308000000003,-72.20165100000018
26.796308000000003,-71.40165100000019
26.796308000000003,-70.60165100000019
26.796308000000003,-69.80165100000019
26.796308000000003,-69.0016510000002
26.796308000000003,-68.2016510000002
26.796308000000003,-67.4016510000002
27.596308000000004,-125.001651
27.596308000000004,-124.201651
27.596308000000004,-123.401651
27.596308000000004,-122.601651
27.596308000000004,-121.801651
27.596308000000004,-121.00165100000001
27.596308000000004,-120.20165100000001
27.596308000000004,-119.40165100000002
27.596308000000004,-118.60165100000002
27.596308000000004,-117.80165100000002
27.596308000000004,-117.00165100000002
27.596308000000004,-116.20165100000003
27.596308000000004,-115.40165100000003
27.596308000000004,-114.60165100000003
27.596308000000004,-113.80165100000004
27.596308000000004,-113.00165100000004
27.596308000000004,-112.20165100000004
27.596308000000004,-111.40165100000004
27.596308000000004,-110.60165100000005
27.596308000000004,-109.80165100000005
27.596308000000004,-109.00165100000005
27.596308000000004,-108.20165100000006
27.596308000000004,-107.40165100000006
27.596308000000004,-106.60165100000006
27.596308000000004,-105.80165100000006
27.596308000000004,-105.00165100000007
27.596308000000004,-104.20165100000007
27.596308000000004,-103.40165100000007
27.596308000000004,-102.60165100000007
27.596308000000004,-101.80165100000008
27.596308000000004,-101.00165100000008
27.596308000000004,-100.20165100000008
27.596308000000004,-99.40165100000009
27.596308000000004,-98.60165100000009
27.596308000000004,-97.80165100000009
27.596308000000004,-97.0016510000001
27.596308000000004,-96.2016510000001
27.596308000000004,-95.4016510000001
27.596308000000004,-94.6016510000001
27.596308000000004,-93.8016510000001
27.596308000000004,-93.00165100000011
27.596308000000004,-92.20165100000011
27.596308000000004,-91.40165100000011
27.596308000000004,-90.60165100000012
27.596308000000004,-89.80165100000012
27.596308000000004,-89.00165100000012
27.596308000000004,-88.20165100000013
27.596308000000004,-87.40165100000013
27.596308000000004,-86.60165100000013
27.596308000000004,-85.80165100000013
27.596308000000004,-85.00165100000014
27.596308000000004,-84.20165100000014
27.596308000000004,-83.40165100000014
27.596308000000004,-82.60165100000015
27.596308000000004,-81.80165100000015
27.596308000000004,-81.00165100000015
27.596308000000004,-80.20165100000015
27.596308000000004,-79.40165100000016
27.596308000000004,-78.60165100000016
27.596308000000004,-77.80165100000016
27.596308000000004,-77.00165100000017
27.596308000000004,-76.20165100000017
27.596308000000004,-75.40165100000017
27.596308000000004,-74.60165100000017
27.596308000000004,-73.80165100000018
27.596308000000004,-73.00165100000018
27.596308000000004,-72.20165100000018
27.596308000000004,-71.40165100000019
27.596308000000004,-70.60165100000019
27.596308000000004,-69.80165100000019
27.596308000000004,-69.0016510000002
27.596308000000004,-68.2016510000002
27.596308000000004,-67.4016510000002
28.396308000000005,-125.001651
28.396308000000005,-124.201651
28.396308000000005,-123.401651
28.396308000000005,-122.601651
28.396308000000005,-121.801651
28.396308000000005,-121.00165100000001
28.396308000000005,-120.20165100000001
28.396308000000005,-119.40165100000002
28.396308000000005,-118.60165100000002
28.396308000000005,-117.80165100000002
28.396308000000005,-117.00165100000002
28.396308000000005,-116.20165100000003
28.396308000000005,-115.40165100000003
28.396308000000005,-114.60165100000003
28.396308000000005,-113.80165100000004
28.396308000000005,-113.00165100000004
28.396308000000005,-112.20165100000004
28.396308000000005,-111.40165100000004
28.396308000000005,-110.60165100000005
28.396308000000005,-109.80165100000005
28.396308000000005,-109.00165100000005
28.396308000000005,-108.20165100000006
28.396308000000005,-107.40165100000006
28.396308000000005,-106.60165100000006
28.396308000000005,-105.80165100000006
28.396308000000005,-105.00165100000007
28.396308000000005,-104.20165100000007
28.396308000000005,-103.40165100000007
28.396308000000005,-102.60165100000007
28.396308000000005,-101.80165100000008
28.396308000000005,-101.00165100000008
28.396308000000005,-100.20165100000008
28.396308000000005,-99.40165100000009
28.396308000000005,-98.60165100000009
28.396308000000005,-97.80165100000009
28.396308000000005,-97.0016510000001
28.396308000000005,-96.2016510000001
28.396308000000005,-95.4016510000001
28.396308000000005,-94.6016510000001
28.396308000000005,-93.8016510000001
28.396308000000005,-93.00165100000011
28.396308000000005,-92.20165100000011
28.396308000000005,-91.40165100000011
28.396308000000005,-90.60165100000012
28.396308000000005,-89.80165100000012
28.396308000000005,-89.00165100000012
28.396308000000005,-88.20165100000013
28.396308000000005,-87.40165100000013
28.396308000000005,-86.60165100000013
28.396308000000005,-85.80165100000013
28.396308000000005,-85.00165100000014
28.396308000000005,-84.20165100000014
28.396308000000005,-83.40165100000014
28.396308000000005,-82.60165100000015
28.396308000000005,-81.80165100000015
28.396308000000005,-81.00165100000015
28.396308000000005,-80.20165100000015
28.396308000000005,-79.40165100000016
28.396308000000005,-78.60165100000016
28.396308000000005,-77.80165100000016
28.396308000000005,-77.00165100000017
28.396308000000005,-76.20165100000017
28.396308000000005,-75.40165100000017
28.396308000000005,-74.60165100000017
28.396308000000005,-73.80165100000018
28.396308000000005,-73.00165100000018
28.396308000000005,-72.20165100000018
28.396308000000005,-71.40165100000019
28.396308000000005,-70.60165100000019
28.396308000000005,-69.80165100000019
28.396308000000005,-69.0016510000002
28.396308000000005,-68.2016510000002
28.396308000000005,-67.4016510000002
29.196308000000005,-125.001651
29.196308000000005,-124.201651
29.196308000000005,-123.401651
29.196308000000005,-122.601651
29.196308000000005,-121.801651
29.196308000000005,-121.00165100000001
29.196308000000005,-120.20165100000001
29.196308000000005,-119.40165100000002
29.196308000000005,-118.60165100000002
29.196308000000005,-117.80165100000002
29.196308000000005,-117.00165100000002
29.196308000000005,-116.20165100000003
29.196308000000005,-115.40165100000003
29.196308000000005,-114.60165100000003
29.196308000000005,-113.80165100000004
29.196308000000005,-113.00165100000004
29.196308000000005,-112.20165100000004
29.196308000000005,-111.40165100000004
29.196308000000005,-110.60165100000005
29.196308000000005,-109.80165100000005
29.196308000000005,-109.00165100000005
29.196308000000005,-108.20165100000006
29.196308000000005,-107.40165100000006
29.196308000000005,-106.60165100000006
29.196308000000005,-105.80165100000006
29.196308000000005,-105.00165100000007
29.196308000000005,-104.20165100000007
29.196308000000005,-103.40165100000007
29.196308000000005,-102.60165100000007
29.196308000000005,-101.80165100000008
29.196308000000005,-101.00165100000008
29.196308000000005,-100.20165100000008
29.196308000000005,-99.40165100000009
29.196308000000005,-98.60165100000009
29.196308000000005,-97.80165100000009
29.196308000000005,-97.0016510000001
29.196308000000005,-96.2016510000001
29.196308000000005,-95.4016510000001
29.196308000000005,-94.6016510000001
29.196308000000005,-93.8016510000001
29.196308000000005,-93.00165100000011
29.196308000000005,-92.20165100000011
29.196308000000005,-91.40165100000011
29.196308000000005,-90.60165100000012
29.196308000000005,-89.80165100000012
29.196308000000005,-89.00165100000012
29.196308000000005,-88.20165100000013
29.196308000000005,-87.40165100000013
29.196308000000005,-86.60165100000013
29.196308000000005,-85.80165100000013
29.196308000000005,-85.00165100000014
29.196308000000005,-84.20165100000014
29.196308000000005,-83.40165100000014
29.196308000000005,-82.60165100000015
29.196308000000005,-81.80165100000015
29.196308000000005,-81.00165100000015
29.196308000000005,-80.20165100000015
29.196308000000005,-79.40165100000016
29.196308000000005,-78.60165100000016
29.196308000000005,-77.80165100000016
29.196308000000005,-77.00165100000017
29.196308000000005,-76.20165100000017
29.196308000000005,-75.40165100000017
29.196308000000005,-74.60165100000017
29.196308000000005,-73.80165100000018
29.196308000000005,-73.00165100000018
29.196308000000005,-72.20165100000018
29.196308000000005,-71.40165100000019
29.196308000000005,-70.60165100000019
29.196308000000005,-69.80165100000019
29.196308000000005,-69.0016510000002
29.196308000000005,-68.2016510000002
29.196308000000005,-67.4016510000002
29.996308000000006,-125.001651
29.996308000000006,-124.201651
29.996308000000006,-123.401651
29.996308000000006,-122.601651
29.996308000000006,-121.801651
29.996308000000006,-121.00165100000001
29.996308000000006,-120.20165100000001
29.996308000000006,-119.40165100000002
29.996308000000006,-118.60165100000002
29.996308000000006,-117.80165100000002
29.996308000000006,-117.00165100000002
29.996308000000006,-116.20165100000003
29.996308000000006,-115.40165100000003
29.996308000000006,-114.60165100000003
29.996308000000006,-113.80165100000004
29.996308000000006,-113.00165100000004
29.996308000000006,-112.20165100000004
29.996308000000006,-111.40165100000004
29.996308000000006,-110.60165100000005
29.996308000000006,-109.80165100000005
29.996308000000006,-109.00165100000005
29.996308000000006,-108.20165100000006
29.996308000000006,-107.40165100000006
29.996308000000006,-106.60165100000006
29.996308000000006,-105.80165100000006
29.996308000000006,-105.00165100000007
29.996308000000006,-104.20165100000007
29.996308000000006,-103.40165100000007
29.996308000000006,-102.60165100000007
29.996308000000006,-101.80165100000008
29.996308000000006,-101.00165100000008
29.996308000000006,-100.20165100000008
29.996308000000006,-99.40165100000009
29.996308000000006,-98.60165100000009
29.996308000000006,-97.80165100000009
29.996308000000006,-97.0016510000001
29.996308000000006,-96.2016510000001
29.996308000000006,-95.4016510000001
29.996308000000006,-94.6016510000001
29.996308000000006,-93.8016510000001
29.996308000000006,-93.00165100000011
29.996308000000006,-92.20165100000011
29.996308000000006,-91.40165100000011
29.996308000000006,-90.60165100000012
29.996308000000006,-89.80165100000012
29.996308000000006,-89.00165100000012
29.996308000000006,-88.20165100000013
29.996308000000006,-87.40165100000013
29.996308000000006,-86.60165100000013
29.996308000000006,-85.80165100000013
29.996308000000006,-85.00165100000014
29.996308000000006,-84.20165100000014
29.996308000000006,-83.40165100000014
29.996308000000006,-82.60165100000015
29.996308000000006,-81.80165100000015
29.996308000000006,-81.00165100000015
29.996308000000006,-80.20165100000015
29.996308000000006,-79.40165100000016
29.996308000000006,-78.60165100000016
29.996308000000006,-77.80165100000016
29.996308000000006,-77.00165100000017
29.996308000000006,-76.20165100000017
29.996308000000006,-75.40165100000017
29.996308000000006,-74.60165100000017
29.996308000000006,-73.80165100000018
29.996308000000006,-73.00165100000018
29.996308000000006,-72.20165100000018
29.996308000000006,-71.40165100000019
29.996308000000006,-70.60165100000019
29.996308000000006,-69.80165100000019
29.996308000000006,-69.0016510000002
29.996308000000006,-68.2016510000002
29.996308000000006,-67.4016510000002
30.796308000000007,-125.001651
30.796308000000007,-124.201651
30.796308000000007,-123.401651
30.796308000000007,-122.601651
30.796308000000007,-121.801651
30.796308000000007,-121.00165100000001
30.796308000000007,-120.20165100000001
30.796308000000007,-119.40165100000002
30.796308000000007,-118.60165100000002
30.796308000000007,-117.80165100000002
30.796308000000007,-117.00165100000002
30.796308000000007,-116.20165100000003
30.796308000000007,-115.40165100000003
30.796308000000007,-114.60165100000003
30.796308000000007,-113.80165100000004
30.796308000000007,-113.00165100000004
30.796308000000007,-112.20165100000004
30.796308000000007,-111.40165100000004
30.796308000000007,-110.60165100000005
30.796308000000007,-109.80165100000005
30.796308000000007,-109.00165100000005
30.796308000000007,-108.20165100000006
30.796308000000007,-107.40165100000006
30.796308000000007,-106.60165100000006
30.796308000000007,-105.80165100000006
30.796308000000007,-105.00165100000007
30.796308000000007,-104.20165100000007
30.796308000000007,-103.40165100000007
30.796308000000007,-102.60165100000007
30.796308000000007,-101.80165100000008
30.796308000000007,-101.00165100000008
30.796308000000007,-100.20165100000008
30.796308000000007,-99.40165100000009
30.796308000000007,-98.60165100000009
30.796308000000007,-97.80165100000009
30.796308000000007,-97.0016510000001
30.796308000000007,-96.2016510000001
30.796308000000007,-95.4016510000001
30.796308000000007,-94.6016510000001
30.796308000000007,-93.8016510000001
30.796308000000007,-93.00165100000011
30.796308000000007,-92.20165100000011
30.796308000000007,-91.40165100000011
30.796308000000007,-90.60165100000012
30.796308000000007,-89.80165100000012
30.796308000000007,-89.00165100000012
30.796308000000007,-88.20165100000013
30.796308000000007,-87.40165100000013
30.796308000000007,-86.60165100000013
30.796308000000007,-85.80165100000013
30.796308000000007,-85.00165100000014
30.796308000000007,-84.20165100000014
30.796308000000007,-83.40165100000014
30.796308000000007,-82.60165100000015
30.796308000000007,-81.80165100000015
30.796308000000007,-81.00165100000015
30.796308000000007,-80.20165100000015
30.796308000000007,-79.40165100000016
30.796308000000007,-78.60165100000016
30.796308000000007,-77.80165100000016
30.796308000000007,-77.00165100000017
30.796308000000007,-76.20165100000017
30.796308000000007,-75.40165100000017
30.796308000000007,-74.60165100000017
30.796308000000007,-73.80165100000018
30.796308000000007,-73.00165100000018
30.796308000000007,-72.20165100000018
30.796308000000007,-71.40165100000019
30.796308000000007,-70.60165100000019
30.796308000000007,-69.80165100000019
30.796308000000007,-69.0016510000002
30.796308000000007,-68.2016510000002
30.796308000000007,-67.4016510000002
31.596308000000008,-125.001651
31.596308000000008,-124.201651
31.596308000000008,-123.401651
31.596308000000008,-122.601651
31.596308000000008,-121.801651
31.596308000000008,-121.00165100000001
31.596308000000008,-120.20165100000001
31.596308000000008,-119.40165100000002
31.596308000000008,-118.60165100000002
31.596308000000008,-117.80165100000002
31.596308000000008,-117.00165100000002
31.596308000000008,-116.20165100000003
31.596308000000008,-115.40165100000003
31.596308000000008,-114.60165100000003
31.596308000000008,-113.80165100000004
31.596308000000008,-113.00165100000004
31.596308000000008,-112.20165100000004
31.596308000000008,-111.40165100000004
31.596308000000008,-110.60165100000005
31.596308000000008,-109.80165100000005
31.596308000000008,-109.00165100000005
31.596308000000008,-108.20165100000006
31.596308000000008,-107.40165100000006
31.596308000000008,-106.60165100000006
31.596308000000008,-105.80165100000006
31.596308000000008,-105.00165100000007
31.596308000000008,-104.20165100000007
31.596308000000008,-103.40165100000007
31.596308000000008,-102.60165100000007
31.596308000000008,-101.80165100000008
31.596308000000008,-101.00165100000008
31.596308000000008,-100.20165100000008
31.596308000000008,-99.40165100000009
31.596308000000008,-98.60165100000009
31.596308000000008,-97.80165100000009
31.596308000000008,-97.0016510000001
31.596308000000008,-96.2016510000001
31.596308000000008,-95.4016510000001
31.596308000000008,-94.6016510000001
31.596308000000008,-93.8016510000001
31.596308000000008,-93.00165100000011
31.596308000000008,-92.20165100000011
31.596308000000008,-91.40165100000011
31.596308000000008,-90.60165100000012
31.596308000000008,-89.80165100000012
31.596308000000008,-89.00165100000012
31.596308000000008,-88.20165100000013
31.596308000000008,-87.40165100000013
31.596308000000008,-86.60165100000013
31.596308000000008,-85.80165100000013
31.596308000000008,-85.00165100000014
31.596308000000008,-84.20165100000014
31.596308000000008,-83.40165100000014
31.596308000000008,-82.60165100000015
31.596308000000008,-81.80165100000015
31.596308000000008,-81.00165100000015
31.596308000000008,-80.20165100000015
31.596308000000008,-79.40165100000016
31.596308000000008,-78.60165100000016
31.596308000000008,-77.80165100000016
31.596308000000008,-77.00165100000017
31.596308000000008,-76.20165100000017
31.596308000000008,-75.40165100000017
31.596308000000008,-74.60165100000017
31.596308000000008,-73.80165100000018
31.596308000000008,-73.00165100000018
31.596308000000008,-72.20165100000018
31.596308000000008,-71.40165100000019
31.596308000000008,-70.60165100000019
31.596308000000008,-69.80165100000019
31.596308000000008,-69.0016510000002
31.596308000000008,-68.2016510000002
31.596308000000008,-67.4016510000002
32.396308000000005,-125.001651
32.396308000000005,-124.201651
32.396308000000005,-123.401651
32.396308000000005,-122.601651
32.396308000000005,-121.801651
32.396308000000005,-121.00165100000001
32.396308000000005,-120.20165100000001
32.396308000000005,-119.40165100000002
32.396308000000005,-118.60165100000002
32.396308000000005,-117.80165100000002
32.396308000000005,-117.00165100000002
32.396308000000005,-116.20165100000003
32.396308000000005,-115.40165100000003
32.396308000000005,-114.60165100000003
32.396308000000005,-113.80165100000004
32.396308000000005,-113.00165100000004
32.396308000000005,-112.20165100000004
32.396308000000005,-111.40165100000004
32.396308000000005,-110.60165100000005
32.396308000000005,-109.80165100000005
32.396308000000005,-109.00165100000005
32.396308000000005,-108.20165100000006
32.396308000000005,-107.40165100000006
32.396308000000005,-106.60165100000006
32.396308000000005,-105.80165100000006
32.396308000000005,-105.00165100000007
32.396308000000005,-104.20165100000007
32.396308000000005,-103.40165100000007
32.396308000000005,-102.60165100000007
32.396308000000005,-101.80165100000008
32.396308000000005,-101.00165100000008
32.396308000000005,-100.20165100000008
32.396308000000005,-99.40165100000009
32.396308000000005,-98.60165100000009
32.396308000000005,-97.80165100000009
32.396308000000005,-97.0016510000001
32.396308000000005,-96.2016510000001
32.396308000000005,-95.4016510000001
32.396308000000005,-94.6016510000001
32.396308000000005,-93.8016510000001
32.396308000000005,-93.00165100000011
32.396308000000005,-92.20165100000011
32.396308000000005,-91.40165100000011
32.396308000000005,-90.60165100000012
32.396308000000005,-89.80165100000012
32.396308000000005,-89.00165100000012
32.396308000000005,-88.20165100000013
32.396308000000005,-87.40165100000013
32.396308000000005,-86.60165100000013
32.396308000000005,-85.80165100000013
32.396308000000005,-85.00165100000014
32.396308000000005,-84.20165100000014
32.396308000000005,-83.40165100000014
32.396308000000005,-82.60165100000015
32.396308000000005,-81.80165100000015
32.396308000000005,-81.00165100000015
32.396308000000005,-80.20165100000015
32.396308000000005,-79.40165100000016
32.396308000000005,-78.60165100000016
32.396308000000005,-77.80165100000016
32.396308000000005,-77.00165100000017
32.396308000000005,-76.20165100000017
32.396308000000005,-75.40165100000017
32.396308000000005,-74.60165100000017
32.396308000000005,-73.80165100000018
32.396308000000005,-73.00165100000018
32.396308000000005,-72.20165100000018
32.396308000000005,-71.40165100000019
32.396308000000005,-70.60165100000019
32.396308000000005,-69.80165100000019
32.396308000000005,-69.0016510000002
32.396308000000005,-68.2016510000002
32.396308000000005,-67.4016510000002
33.19630800000001,-125.001651
33.19630800000001,-124.201651
33.19630800000001,-123.401651
33.19630800000001,-122.601651
33.19630800000001,-121.801651
33.19630800000001,-121.00165100000001
33.19630800000001,-120.20165100000001
33.19630800000001,-119.40165100000002
33.19630800000001,-118.60165100000002
33.19630800000001,-117.80165100000002
33.19630800000001,-117.00165100000002
33.19630800000001,-116.20165100000003
33.19630800000001,-115.40165100000003
33.19630800000001,-114.60165100000003
33.19630800000001,-113.80165100000004
33.19630800000001,-113.00165100000004
33.19630800000001,-112.20165100000004
33.19630800000001,-111.40165100000004
33.19630800000001,-110.60165100000005
33.19630800000001,-109.80165100000005
33.19630800000001,-109.00165100000005
33.19630800000001,-108.20165100000006
33.19630800000001,-107.40165100000006
33.19630800000001,-106.60165100000006
33.19630800000001,-105.80165100000006
33.19630800000001,-105.00165100000007
33.19630800000001,-104.20165100000007
33.19630800000001,-103.40165100000007
33.19630800000001,-102.60165100000007
33.19630800000001,-101.80165100000008
33.19630800000001,-101.00165100000008
33.19630800000001,-100.20165100000008
33.19630800000001,-99.40165100000009
33.19630800000001,-98.60165100000009
33.19630800000001,-97.80165100000009
33.19630800000001,-97.0016510000001
33.19630800000001,-96.2016510000001
33.19630800000001,-95.4016510000001
33.19630800000001,-94.6016510000001
33.19630800000001,-93.8016510000001
33.19630800000001,-93.00165100000011
33.19630800000001,-92.20165100000011
33.19630800000001,-91.40165100000011
33.19630800000001,-90.60165100000012
33.19630800000001,-89.80165100000012
33.19630800000001,-89.00165100000012
33.19630800000001,-88.20165100000013
33.19630800000001,-87.40165100000013
33.19630800000001,-86.60165100000013
33.19630800000001,-85.80165100000013
33.19630800000001,-85.00165100000014
33.19630800000001,-84.20165100000014
33.19630800000001,-83.40165100000014
33.19630800000001,-82.60165100000015
33.19630800000001,-81.80165100000015
33.19630800000001,-81.00165100000015
33.19630800000001,-80.20165100000015
33.19630800000001,-79.40165100000016
33.19630800000001,-78.60165100000016
33.19630800000001,-77.80165100000016
33.19630800000001,-77.00165100000017
33.19630800000001,-76.20165100000017
33.19630800000001,-75.40165100000017
33.19630800000001,-74.60165100000017
33.19630800000001,-73.80165100000018
33.19630800000001,-73.00165100000018
33.19630800000001,-72.20165100000018
33.19630800000001,-71.40165100000019
33.19630800000001,-70.60165100000019
33.19630800000001,-69.80165100000019
33.19630800000001,-69.0016510000002
33.19630800000001,-68.2016510000002
33.19630800000001,-67.4016510000002
33.99630800000001,-125.001651
33.99630800000001,-124.201651
33.99630800000001,-123.401651
33.99630800000001,-122.601651
33.99630800000001,-121.801651
33.99630800000001,-121.00165100000001
33.99630800000001,-120.20165100000001
33.99630800000001,-119.40165100000002
33.99630800000001,-118.60165100000002
33.99630800000001,-117.80165100000002
33.99630800000001,-117.00165100000002
33.99630800000001,-116.20165100000003
33.99630800000001,-115.40165100000003
33.99630800000001,-114.60165100000003
33.99630800000001,-113.80165100000004
33.99630800000001,-113.00165100000004
33.99630800000001,-112.20165100000004
33.99630800000001,-111.40165100000004
33.99630800000001,-110.60165100000005
33.99630800000001,-109.80165100000005
33.99630800000001,-109.00165100000005
33.99630800000001,-108.20165100000006
33.99630800000001,-107.40165100000006
33.99630800000001,-106.60165100000006
33.99630800000001,-105.80165100000006
33.99630800000001,-105.00165100000007
33.99630800000001,-104.20165100000007
33.99630800000001,-103.40165100000007
33.99630800000001,-102.60165100000007
33.99630800000001,-101.80165100000008
33.99630800000001,-101.00165100000008
33.99630800000001,-100.20165100000008
33.99630800000001,-99.40165100000009
33.99630800000001,-98.60165100000009
33.99630800000001,-97.80165100000009
33.99630800000001,-97.0016510000001
33.99630800000001,-96.2016510000001
33.99630800000001,-95.4016510000001
33.99630800000001,-94.6016510000001
33.99630800000001,-93.8016510000001
33.99630800000001,-93.00165100000011
33.99630800000001,-92.20165100000011
33.99630800000001,-91.40165100000011
33.99630800000001,-90.60165100000012
33.99630800000001,-89.80165100000012
33.99630800000001,-89.00165100000012
33.99630800000001,-88.20165100000013
33.99630800000001,-87.40165100000013
33.99630800000001,-86.60165100000013
33.99630800000001,-85.80165100000013
33.99630800000001,-85.00165100000014
33.99630800000001,-84.20165100000014
33.99630800000001,-83.40165100000014
33.99630800000001,-82.60165100000015
33.99630800000001,-81.80165100000015
33.99630800000001,-81.00165100000015
33.99630800000001,-80.20165100000015
33.99630800000001,-79.40165100000016
33.99630800000001,-78.60165100000016
33.99630800000001,-77.80165100000016
33.99630800000001,-77.00165100000017
33.99630800000001,-76.20165100000017
33.99630800000001,-75.40165100000017
33.99630800000001,-74.60165100000017
33.99630800000001,-73.80165100000018
33.99630800000001,-73.00165100000018
33.99630800000001,-72.20165100000018
33.99630800000001,-71.40165100000019
33.99630800000001,-70.60165100000019
33.99630800000001,-69.80165100000019
33.99630800000001,-69.0016510000002
33.99630800000001,-68.2016510000002
33.99630800000001,-67.4016510000002
34.79630800000001,-125.001651
34.79630800000001,-124.201651
34.79630800000001,-123.401651
34.79630800000001,-122.601651
34.79630800000001,-121.801651
34.79630800000001,-121.00165100000001
34.79630800000001,-120.20165100000001
34.79630800000001,-119.40165100000002
34.79630800000001,-118.60165100000002
34.79630800000001,-117.80165100000002
34.79630800000001,-117.00165100000002
34.79630800000001,-116.20165100000003
34.79630800000001,-115.40165100000003
34.79630800000001,-114.60165100000003
34.79630800000001,-113.80165100000004
34.79630800000001,-113.00165100000004
34.79630800000001,-112.20165100000004
34.79630800000001,-111.40165100000004
34.79630800000001,-110.60165100000005
34.79630800000001,-109.80165100000005
34.79630800000001,-109.00165100000005
34.79630800000001,-108.20165100000006
34.79630800000001,-107.40165100000006
34.79630800000001,-106.60165100000006
34.79630800000001,-105.80165100000006
34.79630800000001,-105.00165100000007
34.79630800000001,-104.20165100000007
34.79630800000001,-103.40165100000007
34.79630800000001,-102.60165100000007
34.79630800000001,-101.80165100000008
34.79630800000001,-101.00165100000008
34.79630800000001,-100.20165100000008
34.79630800000001,-99.40165100000009
34.79630800000001,-98.60165100000009
34.79630800000001,-97.80165100000009
34.79630800000001,-97.0016510000001
34.79630800000001,-96.2016510000001
34.79630800000001,-95.4016510000001
34.79630800000001,-94.6016510000001
34.79630800000001,-93.8016510000001
34.79630800000001,-93.00165100000011
34.79630800000001,-92.20165100000011
34.79630800000001,-91.40165100000011
34.79630800000001,-90.60165100000012
34.79630800000001,-89.80165100000012
34.79630800000001,-89.00165100000012
34.79630800000001,-88.20165100000013
34.79630800000001,-87.40165100000013
34.79630800000001,-86.60165100000013
34.79630800000001,-85.80165100000013
34.79630800000001,-85.00165100000014
34.79630800000001,-84.20165100000014
34.79630800000001,-83.40165100000014
34.79630800000001,-82.60165100000015
34.79630800000001,-81.80165100000015
34.79630800000001,-81.00165100000015
34.79630800000001,-80.20165100000015
34.79630800000001,-79.40165100000016
34.79630800000001,-78.60165100000016
34.79630800000001,-77.80165100000016
34.79630800000001,-77.00165100000017
34.79630800000001,-76.20165100000017
34.79630800000001,-75.40165100000017
34.79630800000001,-74.60165100000017
34.79630800000001,-73.80165100000018
34.79630800000001,-73.00165100000018
34.79630800000001,-72.20165100000018
34.79630800000001,-71.40165100000019
34.79630800000001,-70.60165100000019
34.79630800000001,-69.80165100000019
34.79630800000001,-69.0016510000002
34.79630800000001,-68.2016510000002
34.79630800000001,-67.4016510000002
35.59630800000001,-125.001651
35.59630800000001,-124.201651
35.59630800000001,-123.401651
35.59630800000001,-122.601651
35.59630800000001,-121.801651
35.59630800000001,-121.00165100000001
35.59630800000001,-120.20165100000001
35.59630800000001,-119.40165100000002
35.59630800000001,-118.60165100000002
35.59630800000001,-117.80165100000002
35.59630800000001,-117.00165100000002
35.59630800000001,-116.20165100000003
35.59630800000001,-115.40165100000003
35.59630800000001,-114.60165100000003
35.59630800000001,-113.80165100000004
35.59630800000001,-113.00165100000004
35.59630800000001,-112.20165100000004
35.59630800000001,-111.40165100000004
35.59630800000001,-110.60165100000005
35.59630800000001,-109.80165100000005
35.59630800000001,-109.00165100000005
35.59630800000001,-108.20165100000006
35.59630800000001,-107.40165100000006
35.59630800000001,-106.60165100000006
35.59630800000001,-105.80165100000006
35.59630800000001,-105.00165100000007
35.59630800000001,-104.20165100000007
35.59630800000001,-103.40165100000007
35.59630800000001,-102.60165100000007
35.59630800000001,-101.80165100000008
35.59630800000001,-101.00165100000008
35.59630800000001,-100.20165100000008
35.59630800000001,-99.40165100000009
35.59630800000001,-98.60165100000009
35.59630800000001,-97.80165100000009
35.59630800000001,-97.0016510000001
35.59630800000001,-96.2016510000001
35.59630800000001,-95.4016510000001
35.59630800000001,-94.6016510000001
35.59630800000001,-93.8016510000001
35.59630800000001,-93.00165100000011
35.59630800000001,-92.20165100000011
35.59630800000001,-91.40165100000011
35.59630800000001,-90.60165100000012
35.59630800000001,-89.80165100000012
35.59630800000001,-89.00165100000012
35.59630800000001,-88.20165100000013
35.59630800000001,-87.40165100000013
35.59630800000001,-86.60165100000013
35.59630800000001,-85.80165100000013
35.59630800000001,-85.00165100000014
35.59630800000001,-84.20165100000014
35.59630800000001,-83.40165100000014
35.59630800000001,-82.60165100000015
35.59630800000001,-81.80165100000015
35.59630800000001,-81.00165100000015
35.59630800000001,-80.20165100000015
35.59630800000001,-79.40165100000016
35.59630800000001,-78.60165100000016
35.59630800000001,-77.80165100000016
35.59630800000001,-77.00165100000017
35.59630800000001,-76.20165100000017
35.59630800000001,-75.40165100000017
35.59630800000001,-74.60165100000017
35.59630800000001,-73.80165100000018
35.59630800000001,-73.00165100000018
35.59630800000001,-72.20165100000018
35.59630800000001,-71.40165100000019
35.59630800000001,-70.60165100000019
35.59630800000001,-69.80165100000019
35.59630800000001,-69.0016510000002
35.59630800000001,-68.2016510000002
35.59630800000001,-67.4016510000002
36.39630800000001,-125.001651
36.39630800000001,-124.201651
36.39630800000001,-123.401651
36.39630800000001,-122.601651
36.39630800000001,-121.801651
36.39630800000001,-121.00165100000001
36.39630800000001,-120.20165100000001
36.39630800000001,-119.40165100000002
36.39630800000001,-118.60165100000002
36.39630800000001,-117.80165100000002
36.39630800000001,-117.00165100000002
36.39630800000001,-116.20165100000003
36.39630800000001,-115.40165100000003
36.39630800000001,-114.60165100000003
36.39630800000001,-113.80165100000004
36.39630800000001,-113.00165100000004
36.39630800000001,-112.20165100000004
36.39630800000001,-111.40165100000004
36.39630800000001,-110.60165100000005
36.39630800000001,-109.80165100000005
36.39630800000001,-109.00165100000005
36.39630800000001,-108.20165100000006
36.39630800000001,-107.40165100000006
36.39630800000001,-106.60165100000006
36.39630800000001,-105.80165100000006
36.39630800000001,-105.00165100000007
36.39630800000001,-104.20165100000007
36.39630800000001,-103.40165100000007
36.39630800000001,-102.60165100000007
36.39630800000001,-101.80165100000008
36.39630800000001,-101.00165100000008
36.39630800000001,-100.20165100000008
36.39630800000001,-99.40165100000009
36.39630800000001,-98.60165100000009
36.39630800000001,-97.80165100000009
36.39630800000001,-97.0016510000001
36.39630800000001,-96.2016510000001
36.39630800000001,-95.4016510000001
36.39630800000001,-94.6016510000001
36.39630800000001,-93.8016510000001
36.39630800000001,-93.00165100000011
36.39630800000001,-92.20165100000011
36.39630800000001,-91.40165100000011
36.39630800000001,-90.60165100000012
36.39630800000001,-89.80165100000012
36.39630800000001,-89.00165100000012
36.39630800000001,-88.20165100000013
36.39630800000001,-87.40165100000013
36.39630800000001,-86.60165100000013
36.39630800000001,-85.80165100000013
36.39630800000001,-85.00165100000014
36.39630800000001,-84.20165100000014
36.39630800000001,-83.40165100000014
36.39630800000001,-82.60165100000015
36.39630800000001,-81.80165100000015
36.39630800000001,-81.00165100000015
36.39630800000001,-80.20165100000015
36.39630800000001,-79.40165100000016
36.39630800000001,-78.60165100000016
36.39630800000001,-77.80165100000016
36.39630800000001,-77.00165100000017
36.39630800000001,-76.20165100000017
36.39630800000001,-75.40165100000017
36.39630800000001,-74.60165100000017
36.39630800000001,-73.80165100000018
36.39630800000001,-73.00165100000018
36.39630800000001,-72.20165100000018
36.39630800000001,-71.40165100000019
36.39630800000001,-70.60165100000019
36.39630800000001,-69.80165100000019
36.39630800000001,-69.0016510000002
36.39630800000001,-68.2016510000002
36.39630800000001,-67.4016510000002
37.196308000000016,-125.001651
37.196308000000016,-124.201651
37.196308000000016,-123.401651
37.196308000000016,-122.601651
37.196308000000016,-121.801651
37.196308000000016,-121.00165100000001
37.196308000000016,-120.20165100000001
37.196308000000016,-119.40165100000002
37.196308000000016,-118.60165100000002
37.196308000000016,-117.80165100000002
37.196308000000016,-117.00165100000002
37.196308000000016,-116.20165100000003
37.196308000000016,-115.40165100000003
37.196308000000016,-114.60165100000003
37.196308000000016,-113.80165100000004
37.196308000000016,-113.00165100000004
37.196308000000016,-112.20165100000004
37.196308000000016,-111.40165100000004
37.196308000000016,-110.60165100000005
37.196308000000016,-109.80165100000005
37.196308000000016,-109.00165100000005
37.196308000000016,-108.20165100000006
37.196308000000016,-107.40165100000006
37.196308000000016,-106.60165100000006
37.196308000000016,-105.80165100000006
37.196308000000016,-105.00165100000007
37.196308000000016,-104.20165100000007
37.196308000000016,-103.40165100000007
37.196308000000016,-102.60165100000007
37.196308000000016,-101.80165100000008
37.196308000000016,-101.00165100000008
37.196308000000016,-100.20165100000008
37.196308000000016,-99.40165100000009
37.196308000000016,-98.60165100000009
37.196308000000016,-97.80165100000009
37.196308000000016,-97.0016510000001
37.196308000000016,-96.2016510000001
37.196308000000016,-95.4016510000001
37.196308000000016,-94.6016510000001
37.196308000000016,-93.8016510000001
37.196308000000016,-93.00165100000011
37.196308000000016,-92.20165100000011
37.196308000000016,-91.40165100000011
37.196308000000016,-90.60165100000012
37.196308000000016,-89.80165100000012
37.196308000000016,-89.00165100000012
37.196308000000016,-88.20165100000013
37.196308000000016,-87.40165100000013
37.196308000000016,-86.60165100000013
37.196308000000016,-85.80165100000013
37.196308000000016,-85.00165100000014
37.196308000000016,-84.20165100000014
37.196308000000016,-83.40165100000014
37.196308000000016,-82.60165100000015
37.196308000000016,-81.80165100000015
37.196308000000016,-81.00165100000015
37.196308000000016,-80.20165100000015
37.196308000000016,-79.40165100000016
37.196308000000016,-78.60165100000016
37.196308000000016,-77.80165100000016
37.196308000000016,-77.00165100000017
37.196308000000016,-76.20165100000017
37.196308000000016,-75.40165100000017
37.196308000000016,-74.60165100000017
37.196308000000016,-73.80165100000018
37.196308000000016,-73.00165100000018
37.196308000000016,-72.20165100000018
37.196308000000016,-71.40165100000019
37.196308000000016,-70.60165100000019
37.196308000000016,-69.80165100000019
37.196308000000016,-69.0016510000002
37.196308000000016,-68.2016510000002
37.196308000000016,-67.4016510000002
37.99630800000001,-125.001651
37.99630800000001,-124.201651
37.99630800000001,-123.401651
37.99630800000001,-122.601651
37.99630800000001,-121.801651
37.99630800000001,-121.00165100000001
37.99630800000001,-120.20165100000001
37.99630800000001,-119.40165100000002
37.99630800000001,-118.60165100000002
37.99630800000001,-117.80165100000002
37.99630800000001,-117.00165100000002
37.99630800000001,-116.20165100000003
37.99630800000001,-115.40165100000003
37.99630800000001,-114.60165100000003
37.99630800000001,-113.80165100000004
37.99630800000001,-113.00165100000004
37.99630800000001,-112.20165100000004
37.99630800000001,-111.40165100000004
37.99630800000001,-110.60165100000005
37.99630800000001,-109.80165100000005
37.99630800000001,-109.00165100000005
37.99630800000001,-108.20165100000006
37.99630800000001,-107.40165100000006
37.99630800000001,-106.60165100000006
37.99630800000001,-105.80165100000006
37.99630800000001,-105.00165100000007
37.99630800000001,-104.20165100000007
37.99630800000001,-103.40165100000007
37.99630800000001,-102.60165100000007
37.99630800000001,-101.80165100000008
37.99630800000001,-101.00165100000008
37.99630800000001,-100.20165100000008
37.99630800000001,-99.40165100000009
37.99630800000001,-98.60165100000009
37.99630800000001,-97.80165100000009
37.99630800000001,-97.0016510000001
37.99630800000001,-96.2016510000001
37.99630800000001,-95.4016510000001
37.99630800000001,-94.6016510000001
37.99630800000001,-93.8016510000001
37.99630800000001,-93.00165100000011
37.99630800000001,-92.20165100000011
37.99630800000001,-91.40165100000011
37.99630800000001,-90.60165100000012
37.99630800000001,-89.80165100000012
37.99630800000001,-89.00165100000012
37.99630800000001,-88.20165100000013
37.99630800000001,-87.40165100000013
37.99630800000001,-86.60165100000013
37.99630800000001,-85.80165100000013
37.99630800000001,-85.00165100000014
37.99630800000001,-84.20165100000014
37.99630800000001,-83.40165100000014
37.99630800000001,-82.60165100000015
37.99630800000001,-81.80165100000015
37.99630800000001,-81.00165100000015
37.99630800000001,-80.20165100000015
37.99630800000001,-79.40165100000016
37.99630800000001,-78.60165100000016
37.99630800000001,-77.80165100000016
37.99630800000001,-77.00165100000017
37.99630800000001,-76.20165100000017
37.99630800000001,-75.40165100000017
37.99630800000001,-74.60165100000017
37.99630800000001,-73.80165100000018
37.99630800000001,-73.00165100000018
37.99630800000001,-72.20165100000018
37.99630800000001,-71.40165100000019
37.99630800000001,-70.60165100000019
37.99630800000001,-69.80165100000019
37.99630800000001,-69.0016510000002
37.99630800000001,-68.2016510000002
37.99630800000001,-67.4016510000002
38.79630800000001,-125.001651
38.79630800000001,-124.201651
38.79630800000001,-123.401651
38.79630800000001,-122.601651
38.79630800000001,-121.801651
38.79630800000001,-121.00165100000001
38.79630800000001,-120.20165100000001
38.79630800000001,-119.40165100000002
38.79630800000001,-118.60165100000002
38.79630800000001,-117.80165100000002
38.79630800000001,-117.00165100000002
38.79630800000001,-116.20165100000003
38.79630800000001,-115.40165100000003
38.79630800000001,-114.60165100000003
38.79630800000001,-113.80165100000004
38.79630800000001,-113.00165100000004
38.79630800000001,-112.20165100000004
38.79630800000001,-111.40165100000004
38.79630800000001,-110.60165100000005
38.79630800000001,-109.80165100000005
38.79630800000001,-109.00165100000005
38.79630800000001,-108.20165100000006
38.79630800000001,-107.40165100000006
38.79630800000001,-106.60165100000006
38.79630800000001,-105.80165100000006
38.79630800000001,-105.00165100000007
38.79630800000001,-104.20165100000007
38.79630800000001,-103.40165100000007
38.79630800000001,-102.60165100000007
38.79630800000001,-101.80165100000008
38.79630800000001,-101.00165100000008
38.79630800000001,-100.20165100000008
38.79630800000001,-99.40165100000009
38.79630800000001,-98.60165100000009
38.79630800000001,-97.80165100000009
38.79630800000001,-97.0016510000001
38.79630800000001,-96.2016510000001
38.79630800000001,-95.4016510000001
38.79630800000001,-94.6016510000001
38.79630800000001,-93.8016510000001
38.79630800000001,-93.00165100000011
38.79630800000001,-92.20165100000011
38.79630800000001,-91.40165100000011
38.79630800000001,-90.60165100000012
38.79630800000001,-89.80165100000012
38.79630800000001,-89.00165100000012
38.79630800000001,-88.20165100000013
38.79630800000001,-87.40165100000013
38.79630800000001,-86.60165100000013
38.79630800000001,-85.80165100000013
38.79630800000001,-85.00165100000014
38.79630800000001,-84.20165100000014
38.79630800000001,-83.40165100000014
38.79630800000001,-82.60165100000015
38.79630800000001,-81.80165100000015
38.79630800000001,-81.00165100000015
38.79630800000001,-80.20165100000015
38.79630800000001,-79.40165100000016
38.79630800000001,-78.60165100000016
38.79630800000001,-77.80165100000016
38.79630800000001,-77.00165100000017
38.79630800000001,-76.20165100000017
38.79630800000001,-75.40165100000017
38.79630800000001,-74.60165100000017
38.79630800000001,-73.80165100000018
38.79630800000001,-73.00165100000018
38.79630800000001,-72.20165100000018
38.79630800000001,-71.40165100000019
38.79630800000001,-70.60165100000019
38.79630800000001,-69.80165100000019
38.79630800000001,-69.0016510000002
38.79630800000001,-68.2016510000002
38.79630800000001,-67.4016510000002
39.596308000000015,-125.001651
39.596308000000015,-124.201651
39.596308000000015,-123.401651
39.596308000000015,-122.601651
39.596308000000015,-121.801651
39.596308000000015,-121.00165100000001
39.596308000000015,-120.20165100000001
39.596308000000015,-119.40165100000002
39.596308000000015,-118.60165100000002
39.596308000000015,-117.80165100000002
39.596308000000015,-117.00165100000002
39.596308000000015,-116.20165100000003
39.596308000000015,-115.40165100000003
39.596308000000015,-114.60165100000003
39.596308000000015,-113.80165100000004
39.596308000000015,-113.00165100000004
39.596308000000015,-112.20165100000004
39.596308000000015,-111.40165100000004
39.596308000000015,-110.60165100000005
39.596308000000015,-109.80165100000005
39.596308000000015,-109.00165100000005
39.596308000000015,-108.20165100000006
39.596308000000015,-107.40165100000006
39.596308000000015,-106.60165100000006
39.596308000000015,-105.80165100000006
39.596308000000015,-105.00165100000007
39.596308000000015,-104.20165100000007
39.596308000000015,-103.40165100000007
39.596308000000015,-102.60165100000007
39.596308000000015,-101.80165100000008
39.596308000000015,-101.00165100000008
39.596308000000015,-100.20165100000008
39.596308000000015,-99.40165100000009
39.596308000000015,-98.60165100000009
39.596308000000015,-97.80165100000009
39.596308000000015,-97.0016510000001
39.596308000000015,-96.2016510000001
39.596308000000015,-95.4016510000001
39.596308000000015,-94.6016510000001
39.596308000000015,-93.8016510000001
39.596308000000015,-93.00165100000011
39.596308000000015,-92.20165100000011
39.596308000000015,-91.40165100000011
39.596308000000015,-90.60165100000012
39.596308000000015,-89.80165100000012
39.596308000000015,-89.00165100000012
39.596308000000015,-88.20165100000013
39.596308000000015,-87.40165100000013
39.596308000000015,-86.60165100000013
39.596308000000015,-85.80165100000013
39.596308000000015,-85.00165100000014
39.596308000000015,-84.20165100000014
39.596308000000015,-83.40165100000014
39.596308000000015,-82.60165100000015
39.596308000000015,-81.80165100000015
39.596308000000015,-81.00165100000015
39.596308000000015,-80.20165100000015
39.596308000000015,-79.40165100000016
39.596308000000015,-78.60165100000016
39.596308000000015,-77.80165100000016
39.596308000000015,-77.00165100000017
39.596308000000015,-76.20165100000017
39.596308000000015,-75.40165100000017
39.596308000000015,-74.60165100000017
39.596308000000015,-73.80165100000018
39.596308000000015,-73.00165100000018
39.596308000000015,-72.20165100000018
39.596308000000015,-71.40165100000019
39.596308000000015,-70.60165100000019
39.596308000000015,-69.80165100000019
39.596308000000015,-69.0016510000002
39.596308000000015,-68.2016510000002
39.596308000000015,-67.4016510000002
40.39630800000002,-125.001651
40.39630800000002,-124.201651
40.39630800000002,-123.401651
40.39630800000002,-122.601651
40.39630800000002,-121.801651
40.39630800000002,-121.00165100000001
40.39630800000002,-120.20165100000001
40.39630800000002,-119.40165100000002
40.39630800000002,-118.60165100000002
40.39630800000002,-117.80165100000002
40.39630800000002,-117.00165100000002
40.39630800000002,-116.20165100000003
40.39630800000002,-115.40165100000003
40.39630800000002,-114.60165100000003
40.39630800000002,-113.80165100000004
40.39630800000002,-113.00165100000004
40.39630800000002,-112.20165100000004
40.39630800000002,-111.40165100000004
40.39630800000002,-110.60165100000005
40.39630800000002,-109.80165100000005
40.39630800000002,-109.00165100000005
40.39630800000002,-108.20165100000006
40.39630800000002,-107.40165100000006
40.39630800000002,-106.60165100000006
40.39630800000002,-105.80165100000006
40.39630800000002,-105.00165100000007
40.39630800000002,-104.20165100000007
40.39630800000002,-103.40165100000007
40.39630800000002,-102.60165100000007
40.39630800000002,-101.80165100000008
40.39630800000002,-101.00165100000008
40.39630800000002,-100.20165100000008
40.39630800000002,-99.40165100000009
40.39630800000002,-98.60165100000009
40.39630800000002,-97.80165100000009
40.39630800000002,-97.0016510000001
40.39630800000002,-96.2016510000001
40.39630800000002,-95.4016510000001
40.39630800000002,-94.6016510000001
40.39630800000002,-93.8016510000001
40.39630800000002,-93.00165100000011
40.39630800000002,-92.20165100000011
40.39630800000002,-91.40165100000011
40.39630800000002,-90.60165100000012
40.39630800000002,-89.80165100000012
40.39630800000002,-89.00165100000012
40.39630800000002,-88.20165100000013
40.39630800000002,-87.40165100000013
40.39630800000002,-86.60165100000013
40.39630800000002,-85.80165100000013
40.39630800000002,-85.00165100000014
40.39630800000002,-84.20165100000014
40.39630800000002,-83.40165100000014
40.39630800000002,-82.60165100000015
40.39630800000002,-81.80165100000015
40.39630800000002,-81.00165100000015
40.39630800000002,-80.20165100000015
40.39630800000002,-79.40165100000016
40.39630800000002,-78.60165100000016
40.39630800000002,-77.80165100000016
40.39630800000002,-77.00165100000017
40.39630800000002,-76.20165100000017
40.39630800000002,-75.40165100000017
40.39630800000002,-74.60165100000017
40.39630800000002,-73.80165100000018
40.39630800000002,-73.00165100000018
40.39630800000002,-72.20165100000018
40.39630800000002,-71.40165100000019
40.39630800000002,-70.60165100000019
40.39630800000002,-69.80165100000019
40.39630800000002,-69.0016510000002
40.39630800000002,-68.2016510000002
40.39630800000002,-67.4016510000002
41.196308000000016,-125.001651
41.196308000000016,-124.201651
41.196308000000016,-123.401651
41.196308000000016,-122.601651
41.196308000000016,-121.801651
41.196308000000016,-121.00165100000001
41.196308000000016,-120.20165100000001
41.196308000000016,-119.40165100000002
41.196308000000016,-118.60165100000002
41.196308000000016,-117.80165100000002
41.196308000000016,-117.00165100000002
41.196308000000016,-116.20165100000003
41.196308000000016,-115.40165100000003
41.196308000000016,-114.60165100000003
41.196308000000016,-113.80165100000004
41.196308000000016,-113.00165100000004
41.196308000000016,-112.20165100000004
41.196308000000016,-111.40165100000004
41.196308000000016,-110.60165100000005
41.196308000000016,-109.80165100000005
41.196308000000016,-109.00165100000005
41.196308000000016,-108.20165100000006
41.196308000000016,-107.40165100000006
41.196308000000016,-106.60165100000006
41.196308000000016,-105.80165100000006
41.196308000000016,-105.00165100000007
41.196308000000016,-104.20165100000007
41.196308000000016,-103.40165100000007
41.196308000000016,-102.60165100000007
41.196308000000016,-101.80165100000008
41.196308000000016,-101.00165100000008
41.196308000000016,-100.20165100000008
41.196308000000016,-99.40165100000009
41.196308000000016,-98.60165100000009
41.196308000000016,-97.80165100000009
41.196308000000016,-97.0016510000001
41.196308000000016,-96.2016510000001
41.196308000000016,-95.4016510000001
41.196308000000016,-94.6016510000001
41.196308000000016,-93.8016510000001
41.196308000000016,-93.00165100000011
41.196308000000016,-92.20165100000011
41.196308000000016,-91.40165100000011
41.196308000000016,-90.60165100000012
41.196308000000016,-89.80165100000012
41.196308000000016,-89.00165100000012
41.196308000000016,-88.20165100000013
41.196308000000016,-87.40165100000013
41.196308000000016,-86.60165100000013
41.196308000000016,-85.80165100000013
41.196308000000016,-85.00165100000014
41.196308000000016,-84.20165100000014
41.196308000000016,-83.40165100000014
41.196308000000016,-82.60165100000015
41.196308000000016,-81.80165100000015
41.196308000000016,-81.00165100000015
41.196308000000016,-80.20165100000015
41.196308000000016,-79.40165100000016
41.196308000000016,-78.60165100000016
41.196308000000016,-77.80165100000016
41.196308000000016,-77.00165100000017
41.196308000000016,-76.20165100000017
41.196308000000016,-75.40165100000017
41.196308000000016,-74.60165100000017
41.196308000000016,-73.80165100000018
41.196308000000016,-73.00165100000018
41.196308000000016,-72.20165100000018
41.196308000000016,-71.40165100000019
41.196308000000016,-70.60165100000019
41.196308000000016,-69.80165100000019
41.196308000000016,-69.0016510000002
41.196308000000016,-68.2016510000002
41.196308000000016,-67.4016510000002
41.99630800000001,-125.001651
41.99630800000001,-124.201651
41.99630800000001,-123.401651
41.99630800000001,-122.601651
41.99630800000001,-121.801651
41.99630800000001,-121.00165100000001
41.99630800000001,-120.20165100000001
41.99630800000001,-119.40165100000002
41.99630800000001,-118.60165100000002
41.99630800000001,-117.80165100000002
41.99630800000001,-117.00165100000002
41.99630800000001,-116.20165100000003
41.99630800000001,-115.40165100000003
41.99630800000001,-114.60165100000003
41.99630800000001,-113.80165100000004
41.99630800000001,-113.00165100000004
41.99630800000001,-112.20165100000004
41.99630800000001,-111.40165100000004
41.99630800000001,-110.60165100000005
41.99630800000001,-109.80165100000005
41.99630800000001,-109.00165100000005
41.99630800000001,-108.20165100000006
41.99630800000001,-107.40165100000006
41.99630800000001,-106.60165100000006
41.99630800000001,-105.80165100000006
41.99630800000001,-105.00165100000007
41.99630800000001,-104.20165100000007
41.99630800000001,-103.40165100000007
41.99630800000001,-102.60165100000007
41.99630800000001,-101.80165100000008
41.99630800000001,-101.00165100000008
41.99630800000001,-100.20165100000008
41.99630800000001,-99.40165100000009
41.99630800000001,-98.60165100000009
41.99630800000001,-97.80165100000009
41.99630800000001,-97.0016510000001
41.99630800000001,-96.2016510000001
41.99630800000001,-95.4016510000001
41.99630800000001,-94.6016510000001
41.99630800000001,-93.8016510000001
41.99630800000001,-93.00165100000011
41.99630800000001,-92.20165100000011
41.99630800000001,-91.40165100000011
41.99630800000001,-90.60165100000012
41.99630800000001,-89.80165100000012
41.99630800000001,-89.00165100000012
41.99630800000001,-88.20165100000013
41.99630800000001,-87.40165100000013
41.99630800000001,-86.60165100000013
41.99630800000001,-85.80165100000013
41.99630800000001,-85.00165100000014
41.99630800000001,-84.20165100000014
41.99630800000001,-83.40165100000014
41.99630800000001,-82.60165100000015
41.99630800000001,-81.80165100000015
41.99630800000001,-81.00165100000015
41.99630800000001,-80.20165100000015
41.99630800000001,-79.40165100000016
41.99630800000001,-78.60165100000016
41.99630800000001,-77.80165100000016
41.99630800000001,-77.00165100000017
41.99630800000001,-76.20165100000017
41.99630800000001,-75.40165100000017
41.99630800000001,-74.60165100000017
41.99630800000001,-73.80165100000018
41.99630800000001,-73.00165100000018
41.99630800000001,-72.20165100000018
41.99630800000001,-71.40165100000019
41.99630800000001,-70.60165100000019
41.99630800000001,-69.80165100000019
41.99630800000001,-69.0016510000002
41.99630800000001,-68.2016510000002
41.99630800000001,-67.4016510000002
42.79630800000002,-125.001651
42.79630800000002,-124.201651
42.79630800000002,-123.401651
42.79630800000002,-122.601651
42.79630800000002,-121.801651
42.79630800000002,-121.00165100000001
42.79630800000002,-120.20165100000001
42.79630800000002,-119.40165100000002
42.79630800000002,-118.60165100000002
42.79630800000002,-117.80165100000002
42.79630800000002,-117.00165100000002
42.79630800000002,-116.20165100000003
42.79630800000002,-115.40165100000003
42.79630800000002,-114.60165100000003
42.79630800000002,-113.80165100000004
42.79630800000002,-113.00165100000004
42.79630800000002,-112.20165100000004
42.79630800000002,-111.40165100000004
42.79630800000002,-110.60165100000005
42.79630800000002,-109.80165100000005
42.79630800000002,-109.00165100000005
42.79630800000002,-108.20165100000006
42.79630800000002,-107.40165100000006
42.79630800000002,-106.60165100000006
42.79630800000002,-105.80165100000006
42.79630800000002,-105.00165100000007
42.79630800000002,-104.20165100000007
42.79630800000002,-103.40165100000007
42.79630800000002,-102.60165100000007
42.79630800000002,-101.80165100000008
42.79630800000002,-101.00165100000008
42.79630800000002,-100.20165100000008
42.79630800000002,-99.40165100000009
42.79630800000002,-98.60165100000009
42.79630800000002,-97.80165100000009
42.79630800000002,-97.0016510000001
42.79630800000002,-96.2016510000001
42.79630800000002,-95.4016510000001
42.79630800000002,-94.6016510000001
42.79630800000002,-93.8016510000001
42.79630800000002,-93.00165100000011
42.79630800000002,-92.20165100000011
42.79630800000002,-91.40165100000011
42.79630800000002,-90.60165100000012
42.79630800000002,-89.80165100000012
42.79630800000002,-89.00165100000012
42.79630800000002,-88.20165100000013
42.79630800000002,-87.40165100000013
42.79630800000002,-86.60165100000013
42.79630800000002,-85.80165100000013
42.79630800000002,-85.00165100000014
42.79630800000002,-84.20165100000014
42.79630800000002,-83.40165100000014
42.79630800000002,-82.60165100000015
42.79630800000002,-81.80165100000015
42.79630800000002,-81.00165100000015
42.79630800000002,-80.20165100000015
42.79630800000002,-79.40165100000016
42.79630800000002,-78.60165100000016
42.79630800000002,-77.80165100000016
42.79630800000002,-77.00165100000017
42.79630800000002,-76.20165100000017
42.79630800000002,-75.40165100000017
42.79630800000002,-74.60165100000017
42.79630800000002,-73.80165100000018
42.79630800000002,-73.00165100000018
42.79630800000002,-72.20165100000018
42.79630800000002,-71.40165100000019
42.79630800000002,-70.60165100000019
42.79630800000002,-69.80165100000019
42.79630800000002,-69.0016510000002
42.79630800000002,-68.2016510000002
42.79630800000002,-67.4016510000002
43.59630800000002,-125.001651
43.59630800000002,-124.201651
43.59630800000002,-123.401651
43.59630800000002,-122.601651
43.59630800000002,-121.801651
43.59630800000002,-121.00165100000001
43.59630800000002,-120.20165100000001
43.59630800000002,-119.40165100000002
43.59630800000002,-118.60165100000002
43.59630800000002,-117.80165100000002
43.59630800000002,-117.00165100000002
43.59630800000002,-116.20165100000003
43.59630800000002,-115.40165100000003
43.59630800000002,-114.60165100000003
43.59630800000002,-113.80165100000004
43.59630800000002,-113.00165100000004
43.59630800000002,-112.20165100000004
43.59630800000002,-111.40165100000004
43.59630800000002,-110.60165100000005
43.59630800000002,-109.80165100000005
43.59630800000002,-109.00165100000005
43.59630800000002,-108.20165100000006
43.59630800000002,-107.40165100000006
43.59630800000002,-106.60165100000006
43.59630800000002,-105.80165100000006
43.59630800000002,-105.00165100000007
43.59630800000002,-104.20165100000007
43.59630800000002,-103.40165100000007
43.59630800000002,-102.60165100000007
43.59630800000002,-101.80165100000008
43.59630800000002,-101.00165100000008
43.59630800000002,-100.20165100000008
43.59630800000002,-99.40165100000009
43.59630800000002,-98.60165100000009
43.59630800000002,-97.80165100000009
43.59630800000002,-97.0016510000001
43.59630800000002,-96.2016510000001
43.59630800000002,-95.4016510000001
43.59630800000002,-94.6016510000001
43.59630800000002,-93.8016510000001
43.59630800000002,-93.00165100000011
43.59630800000002,-92.20165100000011
43.59630800000002,-91.40165100000011
43.59630800000002,-90.60165100000012
43.59630800000002,-89.80165100000012
43.59630800000002,-89.00165100000012
43.59630800000002,-88.20165100000013
43.59630800000002,-87.40165100000013
43.59630800000002,-86.60165100000013
43.59630800000002,-85.80165100000013
43.59630800000002,-85.00165100000014
43.59630800000002,-84.20165100000014
43.59630800000002,-83.40165100000014
43.59630800000002,-82.60165100000015
43.59630800000002,-81.80165100000015
43.59630800000002,-81.00165100000015
43.59630800000002,-80.20165100000015
43.59630800000002,-79.40165100000016
43.59630800000002,-78.60165100000016
43.59630800000002,-77.80165100000016
43.59630800000002,-77.00165100000017
43.59630800000002,-76.20165100000017
43.59630800000002,-75.40165100000017
43.59630800000002,-74.60165100000017
43.59630800000002,-73.80165100000018
43.59630800000002,-73.00165100000018
43.59630800000002,-72.20165100000018
43.59630800000002,-71.40165100000019
43.59630800000002,-70.60165100000019
43.59630800000002,-69.80165100000019
43.59630800000002,-69.0016510000002
43.59630800000002,-68.2016510000002
43.59630800000002,-67.4016510000002
44.39630800000002,-125.001651
44.39630800000002,-124.201651
44.39630800000002,-123.401651
44.39630800000002,-122.601651
44.39630800000002,-121.801651
44.39630800000002,-121.00165100000001
44.39630800000002,-120.20165100000001
44.39630800000002,-119.40165100000002
44.39630800000002,-118.60165100000002
44.39630800000002,-117.80165100000002
44.39630800000002,-117.00165100000002
44.39630800000002,-116.20165100000003
44.39630800000002,-115.40165100000003
44.39630800000002,-114.60165100000003
44.39630800000002,-113.80165100000004
44.39630800000002,-113.00165100000004
44.39630800000002,-112.20165100000004
44.39630800000002,-111.40165100000004
44.39630800000002,-110.60165100000005
44.39630800000002,-109.80165100000005
44.39630800000002,-109.00165100000005
44.39630800000002,-108.20165100000006
44.39630800000002,-107.40165100000006
44.39630800000002,-106.60165100000006
44.39630800000002,-105.80165100000006
44.39630800000002,-105.00165100000007
44.39630800000002,-104.20165100000007
44.39630800000002,-103.40165100000007
44.39630800000002,-102.60165100000007
44.39630800000002,-101.80165100000008
44.39630800000002,-101.00165100000008
44.39630800000002,-100.20165100000008
44.39630800000002,-99.40165100000009
44.39630800000002,-98.60165100000009
44.39630800000002,-97.80165100000009
44.39630800000002,-97.0016510000001
44.39630800000002,-96.2016510000001
44.39630800000002,-95.4016510000001
44.39630800000002,-94.6016510000001
44.39630800000002,-93.8016510000001
44.39630800000002,-93.00165100000011
44.39630800000002,-92.20165100000011
44.39630800000002,-91.40165100000011
44.39630800000002,-90.60165100000012
44.39630800000002,-89.80165100000012
44.39630800000002,-89.00165100000012
44.39630800000002,-88.20165100000013
44.39630800000002,-87.40165100000013
44.39630800000002,-86.60165100000013
44.39630800000002,-85.80165100000013
44.39630800000002,-85.00165100000014
44.39630800000002,-84.20165100000014
44.39630800000002,-83.40165100000014
44.39630800000002,-82.60165100000015
44.39630800000002,-81.80165100000015
44.39630800000002,-81.00165100000015
44.39630800000002,-80.20165100000015
44.39630800000002,-79.40165100000016
44.39630800000002,-78.60165100000016
44.39630800000002,-77.80165100000016
44.39630800000002,-77.00165100000017
44.39630800000002,-76.20165100000017
44.39630800000002,-75.40165100000017
44.39630800000002,-74.60165100000017
44.39630800000002,-73.80165100000018
44.39630800000002,-73.00165100000018
44.39630800000002,-72.20165100000018
44.39630800000002,-71.40165100000019
44.39630800000002,-70.60165100000019
44.39630800000002,-69.80165100000019
44.39630800000002,-69.0016510000002
44.39630800000002,-68.2016510000002
44.39630800000002,-67.4016510000002
45.196308000000016,-125.001651
45.196308000000016,-124.201651
45.196308000000016,-123.401651
45.196308000000016,-122.601651
45.196308000000016,-121.801651
45.196308000000016,-121.00165100000001
45.196308000000016,-120.20165100000001
45.196308000000016,-119.40165100000002
45.196308000000016,-118.60165100000002
45.196308000000016,-117.80165100000002
45.196308000000016,-117.00165100000002
45.196308000000016,-116.20165100000003
45.196308000000016,-115.40165100000003
45.196308000000016,-114.60165100000003
45.196308000000016,-113.80165100000004
45.196308000000016,-113.00165100000004
45.196308000000016,-112.20165100000004
45.196308000000016,-111.40165100000004
45.196308000000016,-110.60165100000005
45.196308000000016,-109.80165100000005
45.196308000000016,-109.00165100000005
45.196308000000016,-108.20165100000006
45.196308000000016,-107.40165100000006
45.196308000000016,-106.60165100000006
45.196308000000016,-105.80165100000006
45.196308000000016,-105.00165100000007
45.196308000000016,-104.20165100000007
45.196308000000016,-103.40165100000007
45.196308000000016,-102.60165100000007
45.196308000000016,-101.80165100000008
45.196308000000016,-101.00165100000008
45.196308000000016,-100.20165100000008
45.196308000000016,-99.40165100000009
45.196308000000016,-98.60165100000009
45.196308000000016,-97.80165100000009
45.196308000000016,-97.0016510000001
45.196308000000016,-96.2016510000001
45.196308000000016,-95.4016510000001
45.196308000000016,-94.6016510000001
45.196308000000016,-93.8016510000001
45.196308000000016,-93.00165100000011
45.196308000000016,-92.20165100000011
45.196308000000016,-91.40165100000011
45.196308000000016,-90.60165100000012
45.196308000000016,-89.80165100000012
45.196308000000016,-89.00165100000012
45.196308000000016,-88.20165100000013
45.196308000000016,-87.40165100000013
45.196308000000016,-86.60165100000013
45.196308000000016,-85.80165100000013
45.196308000000016,-85.00165100000014
45.196308000000016,-84.20165100000014
45.196308000000016,-83.40165100000014
45.196308000000016,-82.60165100000015
45.196308000000016,-81.80165100000015
45.196308000000016,-81.00165100000015
45.196308000000016,-80.20165100000015
45.196308000000016,-79.40165100000016
45.196308000000016,-78.60165100000016
45.196308000000016,-77.80165100000016
45.196308000000016,-77.00165100000017
45.196308000000016,-76.20165100000017
45.196308000000016,-75.40165100000017
45.196308000000016,-74.60165100000017
45.196308000000016,-73.80165100000018
45.196308000000016,-73.00165100000018
45.196308000000016,-72.20165100000018
45.196308000000016,-71.40165100000019
45.196308000000016,-70.60165100000019
45.196308000000016,-69.80165100000019
45.196308000000016,-69.0016510000002
45.196308000000016,-68.2016510000002
45.196308000000016,-67.4016510000002
45.99630800000002,-125.001651
45.99630800000002,-124.201651
45.99630800000002,-123.401651
45.99630800000002,-122.601651
45.99630800000002,-121.801651
45.99630800000002,-121.00165100000001
45.99630800000002,-120.20165100000001
45.99630800000002,-119.40165100000002
45.99630800000002,-118.60165100000002
45.99630800000002,-117.80165100000002
45.99630800000002,-117.00165100000002
45.99630800000002,-116.20165100000003
45.99630800000002,-115.40165100000003
45.99630800000002,-114.60165100000003
45.99630800000002,-113.80165100000004
45.99630800000002,-113.00165100000004
45.99630800000002,-112.20165100000004
45.99630800000002,-111.40165100000004
45.99630800000002,-110.60165100000005
45.99630800000002,-109.80165100000005
45.99630800000002,-109.00165100000005
45.99630800000002,-108.20165100000006
45.99630800000002,-107.40165100000006
45.99630800000002,-106.60165100000006
45.99630800000002,-105.80165100000006
45.99630800000002,-105.00165100000007
45.99630800000002,-104.20165100000007
45.99630800000002,-103.40165100000007
45.99630800000002,-102.60165100000007
45.99630800000002,-101.80165100000008
45.99630800000002,-101.00165100000008
45.99630800000002,-100.20165100000008
45.99630800000002,-99.40165100000009
45.99630800000002,-98.60165100000009
45.99630800000002,-97.80165100000009
45.99630800000002,-97.0016510000001
45.99630800000002,-96.2016510000001
45.99630800000002,-95.4016510000001
45.99630800000002,-94.6016510000001
45.99630800000002,-93.8016510000001
45.99630800000002,-93.00165100000011
45.99630800000002,-92.20165100000011
45.99630800000002,-91.40165100000011
45.99630800000002,-90.60165100000012
45.99630800000002,-89.80165100000012
45.99630800000002,-89.00165100000012
45.99630800000002,-88.20165100000013
45.99630800000002,-87.40165100000013
45.99630800000002,-86.60165100000013
45.99630800000002,-85.80165100000013
45.99630800000002,-85.00165100000014
45.99630800000002,-84.20165100000014
45.99630800000002,-83.40165100000014
45.99630800000002,-82.60165100000015
45.99630800000002,-81.80165100000015
45.99630800000002,-81.00165100000015
45.99630800000002,-80.20165100000015
45.99630800000002,-79.40165100000016
45.99630800000002,-78.60165100000016
45.99630800000002,-77.80165100000016
45.99630800000002,-77.00165100000017
45.99630800000002,-76.20165100000017
45.99630800000002,-75.40165100000017
45.99630800000002,-74.60165100000017
45.99630800000002,-73.80165100000018
45.99630800000002,-73.00165100000018
45.99630800000002,-72.20165100000018
45.99630800000002,-71.40165100000019
45.99630800000002,-70.60165100000019
45.99630800000002,-69.80165100000019
45.99630800000002,-69.0016510000002
45.99630800000002,-68.2016510000002
45.99630800000002,-67.4016510000002
46.796308000000025,-125.001651
46.796308000000025,-124.201651
46.796308000000025,-123.401651
46.796308000000025,-122.601651
46.796308000000025,-121.801651
46.796308000000025,-121.00165100000001
46.796308000000025,-120.20165100000001
46.796308000000025,-119.40165100000002
46.796308000000025,-118.60165100000002
46.796308000000025,-117.80165100000002
46.796308000000025,-117.00165100000002
46.796308000000025,-116.20165100000003
46.796308000000025,-115.40165100000003
46.796308000000025,-114.60165100000003
46.796308000000025,-113.80165100000004
46.796308000000025,-113.00165100000004
46.796308000000025,-112.20165100000004
46.796308000000025,-111.40165100000004
46.796308000000025,-110.60165100000005
46.796308000000025,-109.80165100000005
46.796308000000025,-109.00165100000005
46.796308000000025,-108.20165100000006
46.796308000000025,-107.40165100000006
46.796308000000025,-106.60165100000006
46.796308000000025,-105.80165100000006
46.796308000000025,-105.00165100000007
46.796308000000025,-104.20165100000007
46.796308000000025,-103.40165100000007
46.796308000000025,-102.60165100000007
46.796308000000025,-101.80165100000008
46.796308000000025,-101.00165100000008
46.796308000000025,-100.20165100000008
46.796308000000025,-99.40165100000009
46.796308000000025,-98.60165100000009
46.796308000000025,-97.80165100000009
46.796308000000025,-97.0016510000001
46.796308000000025,-96.2016510000001
46.796308000000025,-95.4016510000001
46.796308000000025,-94.6016510000001
46.796308000000025,-93.8016510000001
46.796308000000025,-93.00165100000011
46.796308000000025,-92.20165100000011
46.796308000000025,-91.40165100000011
46.796308000000025,-90.60165100000012
46.796308000000025,-89.80165100000012
46.796308000000025,-89.00165100000012
46.796308000000025,-88.20165100000013
46.796308000000025,-87.40165100000013
46.796308000000025,-86.60165100000013
46.796308000000025,-85.80165100000013
46.796308000000025,-85.00165100000014
46.796308000000025,-84.20165100000014
46.796308000000025,-83.40165100000014
46.796308000000025,-82.60165100000015
46.796308000000025,-81.80165100000015
46.796308000000025,-81.00165100000015
46.796308000000025,-80.20165100000015
46.796308000000025,-79.40165100000016
46.796308000000025,-78.60165100000016
46.796308000000025,-77.80165100000016
46.796308000000025,-77.00165100000017
46.796308000000025,-76.20165100000017
46.796308000000025,-75.40165100000017
46.796308000000025,-74.60165100000017
46.796308000000025,-73.80165100000018
46.796308000000025,-73.00165100000018
46.796308000000025,-72.20165100000018
46.796308000000025,-71.40165100000019
46.796308000000025,-70.60165100000019
46.796308000000025,-69.80165100000019
46.796308000000025,-69.0016510000002
46.796308000000025,-68.2016510000002
46.796308000000025,-67.4016510000002
47.59630800000002,-125.001651
47.59630800000002,-124.201651
47.59630800000002,-123.401651
47.59630800000002,-122.601651
47.59630800000002,-121.801651
47.59630800000002,-121.00165100000001
47.59630800000002,-120.20165100000001
47.59630800000002,-119.40165100000002
47.59630800000002,-118.60165100000002
47.59630800000002,-117.80165100000002
47.59630800000002,-117.00165100000002
47.59630800000002,-116.20165100000003
47.59630800000002,-115.40165100000003
47.59630800000002,-114.60165100000003
47.59630800000002,-113.80165100000004
47.59630800000002,-113.00165100000004
47.59630800000002,-112.20165100000004
47.59630800000002,-111.40165100000004
47.59630800000002,-110.60165100000005
47.59630800000002,-109.80165100000005
47.59630800000002,-109.00165100000005
47.59630800000002,-108.20165100000006
47.59630800000002,-107.40165100000006
47.59630800000002,-106.60165100000006
47.59630800000002,-105.80165100000006
47.59630800000002,-105.00165100000007
47.59630800000002,-104.20165100000007
47.59630800000002,-103.40165100000007
47.59630800000002,-102.60165100000007
47.59630800000002,-101.80165100000008
47.59630800000002,-101.00165100000008
47.59630800000002,-100.20165100000008
47.59630800000002,-99.40165100000009
47.59630800000002,-98.60165100000009
47.59630800000002,-97.80165100000009
47.59630800000002,-97.0016510000001
47.59630800000002,-96.2016510000001
47.59630800000002,-95.4016510000001
47.59630800000002,-94.6016510000001
47.59630800000002,-93.8016510000001
47.59630800000002,-93.00165100000011
47.59630800000002,-92.20165100000011
47.59630800000002,-91.40165100000011
47.59630800000002,-90.60165100000012
47.59630800000002,-89.80165100000012
47.59630800000002,-89.00165100000012
47.59630800000002,-88.20165100000013
47.59630800000002,-87.40165100000013
47.59630800000002,-86.60165100000013
47.59630800000002,-85.80165100000013
47.59630800000002,-85.00165100000014
47.59630800000002,-84.20165100000014
47.59630800000002,-83.40165100000014
47.59630800000002,-82.60165100000015
47.59630800000002,-81.80165100000015
47.59630800000002,-81.00165100000015
47.59630800000002,-80.20165100000015
47.59630800000002,-79.40165100000016
47.59630800000002,-78.60165100000016
47.59630800000002,-77.80165100000016
47.59630800000002,-77.00165100000017
47.59630800000002,-76.20165100000017
47.59630800000002,-75.40165100000017
47.59630800000002,-74.60165100000017
47.59630800000002,-73.80165100000018
47.59630800000002,-73.00165100000018
47.59630800000002,-72.20165100000018
47.59630800000002,-71.40165100000019
47.59630800000002,-70.60165100000019
47.59630800000002,-69.80165100000019
47.59630800000002,-69.0016510000002
47.59630800000002,-68.2016510000002
47.59630800000002,-67.4016510000002
48.39630800000002,-125.001651
48.39630800000002,-124.201651
48.39630800000002,-123.401651
48.39630800000002,-122.601651
48.39630800000002,-121.801651
48.39630800000002,-121.00165100000001
48.39630800000002,-120.20165100000001
48.39630800000002,-119.40165100000002
48.39630800000002,-118.60165100000002
48.39630800000002,-117.80165100000002
48.39630800000002,-117.00165100000002
48.39630800000002,-116.20165100000003
48.39630800000002,-115.40165100000003
48.39630800000002,-114.60165100000003
48.39630800000002,-113.80165100000004
48.39630800000002,-113.00165100000004
48.39630800000002,-112.20165100000004
48.39630800000002,-111.40165100000004
48.39630800000002,-110.60165100000005
48.39630800000002,-109.80165100000005
48.39630800000002,-109.00165100000005
48.39630800000002,-108.20165100000006
48.39630800000002,-107.40165100000006
48.39630800000002,-106.60165100000006
48.39630800000002,-105.80165100000006
48.39630800000002,-105.00165100000007
48.39630800000002,-104.20165100000007
48.39630800000002,-103.40165100000007
48.39630800000002,-102.60165100000007
48.39630800000002,-101.80165100000008
48.39630800000002,-101.00165100000008
48.39630800000002,-100.20165100000008
48.39630800000002,-99.40165100000009
48.39630800000002,-98.60165100000009
48.39630800000002,-97.80165100000009
48.39630800000002,-97.0016510000001
48.39630800000002,-96.2016510000001
48.39630800000002,-95.4016510000001
48.39630800000002,-94.6016510000001
48.39630800000002,-93.8016510000001
48.39630800000002,-93.00165100000011
48.39630800000002,-92.20165100000011
48.39630800000002,-91.40165100000011
48.39630800000002,-90.60165100000012
48.39630800000002,-89.80165100000012
48.39630800000002,-89.00165100000012
48.39630800000002,-88.20165100000013
48.39630800000002,-87.40165100000013
48.39630800000002,-86.60165100000013
48.39630800000002,-85.80165100000013
48.39630800000002,-85.00165100000014
48.39630800000002,-84.20165100000014
48.39630800000002,-83.40165100000014
48.39630800000002,-82.60165100000015
48.39630800000002,-81.80165100000015
48.39630800000002,-81.00165100000015
48.39630800000002,-80.20165100000015
48.39630800000002,-79.40165100000016
48.39630800000002,-78.60165100000016
48.39630800000002,-77.80165100000016
48.39630800000002,-77.00165100000017
48.39630800000002,-76.20165100000017
48.39630800000002,-75.40165100000017
48.39630800000002,-74.60165100000017
48.39630800000002,-73.80165100000018
48.39630800000002,-73.00165100000018
48.39630800000002,-72.20165100000018
48.39630800000002,-71.40165100000019
48.39630800000002,-70.60165100000019
48.39630800000002,-69.80165100000019
48.39630800000002,-69.0016510000002
48.39630800000002,-68.2016510000002
48.39630800000002,-67.4016510000002
49.19630800000002,-125.001651
49.19630800000002,-124.201651
49.19630800000002,-123.401651
49.19630800000002,-122.601651
49.19630800000002,-121.801651
49.19630800000002,-121.00165100000001
49.19630800000002,-120.20165100000001
49.19630800000002,-119.40165100000002
49.19630800000002,-118.60165100000002
49.19630800000002,-117.80165100000002
49.19630800000002,-117.00165100000002
49.19630800000002,-116.20165100000003
49.19630800000002,-115.40165100000003
49.19630800000002,-114.60165100000003
49.19630800000002,-113.80165100000004
49.19630800000002,-113.00165100000004
49.19630800000002,-112.20165100000004
49.19630800000002,-111.40165100000004
49.19630800000002,-110.60165100000005
49.19630800000002,-109.80165100000005
49.19630800000002,-109.00165100000005
49.19630800000002,-108.20165100000006
49.19630800000002,-107.40165100000006
49.19630800000002,-106.60165100000006
49.19630800000002,-105.80165100000006
49.19630800000002,-105.00165100000007
49.19630800000002,-104.20165100000007
49.19630800000002,-103.40165100000007
49.19630800000002,-102.60165100000007
49.19630800000002,-101.80165100000008
49.19630800000002,-101.00165100000008
49.19630800000002,-100.20165100000008
49.19630800000002,-99.40165100000009
49.19630800000002,-98.60165100000009
49.19630800000002,-97.80165100000009
49.19630800000002,-97.0016510000001
49.19630800000002,-96.2016510000001
49.19630800000002,-95.4016510000001
49.19630800000002,-94.6016510000001
49.19630800000002,-93.8016510000001
49.19630800000002,-93.00165100000011
49.19630800000002,-92.20165100000011
49.19630800000002,-91.40165100000011
49.19630800000002,-90.60165100000012
49.19630800000002,-89.80165100000012
49.19630800000002,-89.00165100000012
49.19630800000002,-88.20165100000013
49.19630800000002,-87.40165100000013
49.19630800000002,-86.60165100000013
49.19630800000002,-85.80165100000013
49.19630800000002,-85.00165100000014
49.19630800000002,-84.20165100000014
49.19630800000002,-83.40165100000014
49.19630800000002,-82.60165100000015
49.19630800000002,-81.80165100000015
49.19630800000002,-81.00165100000015
49.19630800000002,-80.20165100000015
49.19630800000002,-79.40165100000016
49.19630800000002,-78.60165100000016
49.19630800000002,-77.80165100000016
49.19630800000002,-77.00165100000017
49.19630800000002,-76.20165100000017
49.19630800000002,-75.40165100000017
49.19630800000002,-74.60165100000017
49.19630800000002,-73.80165100000018
49.19630800000002,-73.00165100000018
49.19630800000002,-72.20165100000018
49.19630800000002,-71.40165100000019
49.19630800000002,-70.60165100000019
49.19630800000002,-69.80165100000019
49.19630800000002,-69.0016510000002
49.19630800000002,-68.2016510000002
49.19630800000002,-67.4016510000002